base: 0.000000, 0.000000. 0.000000
current
Matrix Display
1.000000, 0.000000, 0.000000, 0.000000
0.000000, 1.000000, 0.000000, 0.000000
0.000000, 0.000000, 1.000000, 0.000000
0.000000, 0.000000, 0.000000, 1.000000
base: 0.000000, 0.000000. 0.000000
current
Matrix Display
0.866025, -0.500000, 0.000000, 0.000000
0.500000, 0.866025, 0.000000, 13.333333
0.000000, 0.000000, 1.000000, 0.000000
0.000000, 0.000000, 0.000000, 1.000000
base: 0.000000, 0.000000. 0.000000
current
Matrix Display
0.500000, -0.866025, 0.000000, -6.666667
0.866025, 0.500000, 0.000000, 21.547005
0.000000, 0.000000, 1.000000, 0.000000
0.000000, 0.000000, 0.000000, 1.000000
base: 0.000000, 0.000000. 0.000000
current
Matrix Display
0.000000, -1.000000, 0.000000, -16.547005
1.000000, 0.000000, 0.000000, 22.826920
0.000000, 0.000000, 1.000000, 0.000000
0.000000, 0.000000, 0.000000, 1.000000
base: 0.000000, 0.000000. 0.000000
current
Matrix Display
-0.500000, -0.866025, 0.000000, -25.743586
0.866025, -0.500000, 0.000000, 17.120190
0.000000, 0.000000, 1.000000, 0.000000
0.000000, 0.000000, 0.000000, 1.000000
base: 0.000000, 0.000000. 0.000000
